new conv_1 biases:
[ 0.07568113 -3.0089045  -2.7135527   0.6777688  -0.12213236  2.3750525
 -2.4406292   2.420757    5.4019194   0.01454235  2.581968    0.07208873
  0.66834974 -2.616345    0.9382146  -1.1508405  -0.54456776  3.0108886
 -0.03650439  2.700661   -2.0697832   1.7825942   1.4575715  -0.9514207
  2.8952258   3.6333046   0.80379456  1.5725229  -2.6613553   1.7253929
  0.8425022  -3.233617  ]




new conv_1 weights:
[[[[ 1.70224786e-01  3.57100944e-05  7.19471835e-03  1.50075518e-02
    -3.48750129e-03  1.16559630e-02  4.60286699e-02 -4.11465876e-02
    -5.78989787e-03 -7.50403702e-02 -1.64905433e-02 -3.44182388e-03
     7.90277496e-04  4.01813444e-03  3.62220816e-02  3.15991610e-01
     9.58072096e-02 -1.70847680e-02 -4.42590952e-01  2.61548460e-02
    -8.05941224e-03 -2.54099863e-03  3.74229299e-03  3.53783444e-02
    -1.54730335e-01 -1.47846816e-02  1.07942067e-01  3.88554223e-02
     4.88222064e-03  5.95058734e-03  3.92299034e-02  5.14854165e-03]
   [ 1.68349504e-01 -3.44306976e-03  2.17696168e-02  1.09889098e-02
    -3.99459247e-03  1.82872470e-02  9.75215156e-03 -5.75356260e-02
    -4.06065993e-02  3.52102779e-02 -1.57923601e-03 -9.98826977e-03
     1.03726545e-02  5.98034309e-03  6.11050939e-03  4.96052802e-01
     1.36154398e-01 -2.68223584e-02 -3.58227968e-01  3.26190591e-02
    -6.50107767e-03 -3.12843770e-02  3.13518941e-03  1.54120279e-02
    -2.87453830e-01  5.76609969e-02  8.75686631e-02 -3.47230844e-02
     2.39305142e-02 -2.19848752e-03  5.09369560e-03  6.52844552e-03]
   [ 1.42951265e-01  4.18403978e-03  2.07241923e-02 -2.61546783e-02
    -3.21316952e-03  9.33040958e-03  5.01863845e-03 -2.54647490e-02
    -3.56245972e-02  4.98411246e-02  1.26143023e-02 -5.55912824e-03
     2.87697697e-03  6.07823906e-03 -4.47783060e-02  3.55348229e-01
     1.33011997e-01 -2.61480752e-02 -2.72723377e-01  9.29801073e-03
     5.51681546e-03 -8.89440160e-03  3.10604763e-03  3.71445366e-03
    -8.03526863e-02 -4.46929522e-02  1.64987445e-02 -4.57661273e-03
     2.00718064e-02  1.55286407e-02 -7.15002120e-02  5.28405374e-03]]

  [[-2.59265125e-01  1.96211389e-03  1.39032826e-02  6.07806556e-02
    -3.58851603e-03 -3.29248756e-02  1.63395256e-02 -2.62656882e-02
    -2.51909830e-02 -6.03010543e-02  7.85159878e-03  3.68139744e-02
     1.05372621e-02  6.04536431e-03  4.41270433e-02  5.47236465e-02
     9.12649278e-03  1.41911373e-01 -5.92727184e-01 -7.75604472e-02
    -1.08419294e-02  2.60367710e-03  3.83800967e-03  3.48518938e-02
    -6.55179679e-01 -1.77277736e-02  2.36611709e-01  7.37785473e-02
    -6.78984448e-03 -6.42835125e-02  6.81737736e-02  3.46285361e-03]
   [-2.30915591e-01  3.42847244e-03  2.03342643e-02  9.84631944e-04
    -3.90853873e-03 -4.56806943e-02 -1.35708442e-02 -4.17159311e-02
    -4.36653988e-03  4.68262956e-02 -6.64392021e-03  7.03843823e-03
     1.92360543e-02  6.75930362e-03  1.47059904e-02  2.92890016e-02
     2.90120319e-02  2.67239451e-01 -5.03162026e-01 -1.12031914e-01
    -6.37026457e-03 -2.78387312e-02  3.68036958e-03  1.44679723e-02
    -1.10308588e+00  8.55204538e-02  2.17186287e-01 -5.22831455e-02
     5.29099675e-03 -5.95091209e-02  2.66303867e-02  4.80770646e-03]
   [-1.87690601e-01  7.99051393e-03  3.46081331e-02 -7.07905367e-02
    -3.12848738e-03 -1.40669262e-02 -1.91783272e-02 -1.07797859e-02
     1.76880993e-02  2.48058792e-02  4.65738447e-03  4.03690524e-03
     1.42707853e-02  8.35055672e-03 -5.07244281e-02 -5.37211308e-04
     2.99385190e-02  8.61478671e-02 -4.22334075e-01 -3.84730771e-02
     1.37941539e-03 -1.02468468e-02  4.43113362e-03  1.05241325e-03
    -2.95034885e-01 -6.73807338e-02  8.83016884e-02 -1.96744129e-02
     6.13870891e-03 -5.35781980e-02 -5.78315333e-02  4.50390996e-03]]

  [[-1.78846747e-01  5.94049133e-03 -1.06671425e-02  2.92835962e-02
    -2.87326728e-03 -1.77746657e-02  1.78925656e-02  1.64824282e-03
     2.77350564e-02  1.40859804e-03  2.73461118e-02  3.68157700e-02
     9.00134258e-03  6.14485424e-03  6.72954246e-02 -3.34975985e-03
    -2.14088205e-02 -2.42841259e-01 -2.64055640e-01 -1.48528069e-02
    -1.22994557e-02 -5.61746256e-03  3.46647203e-03  3.32920328e-02
    -4.64914709e-01 -1.81146357e-02  4.17524166e-02  3.69541831e-02
     1.36174904e-02 -3.94886769e-02  5.56368679e-02  3.82410944e-03]
   [-1.32361427e-01  6.74510980e-03 -1.84795004e-03  9.47295874e-03
    -3.58572626e-03 -2.35900078e-02  2.42891139e-03  3.02416505e-03
     5.96569628e-02  4.90830131e-02  5.75388363e-03  8.10180139e-03
     2.06383560e-02  6.98112650e-03  4.15666141e-02 -6.47055730e-02
     1.66162476e-02 -4.15851593e-01 -1.35997027e-01 -1.33616980e-02
    -9.58985835e-03 -2.60817129e-02  4.08347882e-03 -7.45028444e-03
    -7.50906527e-01  6.43213838e-02  1.19419590e-01 -2.77991798e-02
     1.60673261e-02 -2.86719780e-02  1.09808156e-02  5.68431942e-03]
   [-6.97127134e-02  1.29397335e-02  1.33806793e-02 -3.16784382e-02
    -2.62797950e-03 -1.20745916e-02 -1.05428854e-02  3.12016020e-03
     6.45892248e-02 -4.13047746e-02 -1.09258515e-03 -8.21039639e-03
     1.07510304e-02  9.07442067e-03 -3.51670682e-02 -7.42665082e-02
    -4.81762029e-02 -1.22195899e-01 -1.34836078e-01 -1.52377770e-05
     3.87275196e-03 -1.06880469e-02  3.65039124e-03 -8.44342541e-03
    -1.84515134e-01 -4.10484113e-02  1.59785207e-02 -4.22932301e-03
     1.44744162e-02  4.65127826e-03 -5.79533838e-02  4.80600633e-03]]]


 [[[ 4.75445449e-01  7.56359659e-03  3.42976339e-02  3.37063111e-02
    -2.99559161e-03 -1.53827537e-02  5.35573587e-02 -8.99983745e-04
     1.61011536e-02 -1.12706617e-01 -2.00230256e-02  1.18621513e-02
     4.39053169e-03  1.98477576e-03 -1.27283353e-02  2.43148297e-01
     3.05317063e-02 -5.14469519e-02  6.39099658e-01  2.70714890e-02
    -2.27443911e-02 -3.16109252e-03  4.74747969e-03  3.89119834e-02
     1.32665962e-01 -2.22900044e-02 -6.84423804e-01  4.54674140e-02
     6.78556692e-03  7.08965957e-03  5.26778214e-02  3.50687769e-03]
   [ 4.44130480e-01  5.82758943e-03  3.51640247e-02  3.14210393e-02
    -3.70717770e-03 -1.64577644e-02  1.12497509e-02 -7.61266856e-04
     1.05610688e-03  3.16355452e-02 -2.34805234e-02 -3.54759470e-02
     8.19072686e-03  2.21454841e-03 -2.49488596e-02  3.25366408e-01
     8.80298838e-02 -8.51417705e-02  6.58263385e-01  4.20926400e-02
    -1.42155942e-02 -2.94064470e-02  4.55995742e-03  1.78597588e-02
     2.35619262e-01  7.63852149e-02 -9.45410013e-01 -4.62442078e-02
     1.31400209e-02  5.00869472e-03  7.47037167e-03  5.26516046e-03]
   [ 3.82322669e-01  1.01853190e-02  3.63255702e-02 -4.63388860e-02
    -3.07547161e-03 -4.18360066e-03  1.01600029e-02  2.24968768e-03
     9.74194612e-03  7.21256882e-02 -1.05313142e-03 -1.78046040e-02
     4.11598012e-03  4.49721469e-03 -5.91251813e-02  1.63802788e-01
     8.86417702e-02 -1.94501244e-02  4.77095544e-01  1.08258091e-02
    -7.70302769e-03 -1.11777857e-02  4.08879761e-03  4.51462343e-03
     9.37150046e-02 -5.86519614e-02 -2.72750437e-01 -2.43229931e-03
     1.80144962e-02  5.43298258e-04 -5.85613325e-02  5.63761499e-03]]

  [[-1.07308418e-01  9.20038577e-03  1.82098299e-02  8.81105140e-02
    -3.09076952e-03 -4.57271188e-02  4.79101725e-02 -5.60092786e-03
    -1.87508222e-02 -1.04635254e-01 -2.09105425e-02  2.69402023e-02
     1.77164376e-02  7.07327155e-03  2.85277143e-03 -8.46404408e-04
    -8.74612574e-03  2.06990585e-01  1.10148668e+00 -6.29444495e-02
    -2.12845188e-02  1.17950654e-03  6.31921552e-03  4.56347018e-02
     6.67524874e-01 -2.08086725e-02 -8.46945524e-01  8.87539387e-02
     1.53534422e-02 -6.96202517e-02  7.79192224e-02  3.71765182e-03]
   [-1.13285482e-01  1.00846216e-02  5.75985946e-02  2.57512592e-02
    -3.78578226e-03 -5.39301932e-02  8.42508208e-03 -6.32507959e-03
     1.33434338e-02  4.28974330e-02 -4.75238189e-02 -1.08267413e-02
     2.32899189e-02  7.52417697e-03 -8.30317754e-03 -3.26796547e-02
     3.17539051e-02  3.40822756e-01  1.18777704e+00 -9.40443277e-02
    -1.65308136e-02 -1.55494977e-02  5.78470156e-03  1.45492740e-02
     1.12741649e+00  1.06538013e-01 -1.15825987e+00 -6.69501349e-02
     2.04111245e-02 -7.34046027e-02  1.74963363e-02  5.30815497e-03]
   [-1.06489345e-01  1.40470862e-02  4.47301306e-02 -1.11033708e-01
    -3.15887458e-03 -2.15335917e-02  3.86995170e-03  1.80593366e-03
     4.15249243e-02  6.47930056e-02 -3.18563543e-02 -8.61321518e-04
     1.23433629e-02  9.98967420e-03 -5.52731939e-02 -1.18570313e-01
     4.77622189e-02  8.53312239e-02  8.50666761e-01 -2.30224580e-02
    -4.46071057e-03 -1.06754219e-02  5.76031860e-03  1.02123665e-03
     3.20861310e-01 -9.21204388e-02 -3.68230373e-01 -2.63067372e-02
     1.70892887e-02 -7.16880411e-02 -6.50377497e-02  4.83442470e-03]]

  [[-2.90634722e-01  9.86160245e-03 -1.12394979e-02  4.48915176e-02
    -3.25224129e-03 -3.32617597e-03  2.89404765e-02 -1.44816115e-02
     2.17915978e-02 -3.61411311e-02 -5.89744328e-03  8.04334655e-02
     1.55293420e-02  8.34941585e-03  2.70497818e-02 -1.99795906e-02
    -4.82674465e-02 -2.47699887e-01  5.65876067e-01 -1.30798584e-02
    -2.18377169e-02 -1.45490374e-02  5.52433403e-03  4.22460027e-02
     5.43147385e-01 -1.83973294e-02 -3.25172275e-01  5.56075573e-02
     3.40144671e-02 -1.89669188e-02  6.06475286e-02  4.96514235e-03]
   [-2.54288614e-01  1.08704008e-02  1.63889285e-02  2.04782449e-02
    -3.32868053e-03 -1.39143388e-03  8.10402073e-03 -9.77122039e-03
     7.51631781e-02  3.87824178e-02 -3.67098935e-02  5.63006178e-02
     2.30553579e-02  7.05378829e-03  1.13863284e-02 -1.39683306e-01
     7.98853952e-03 -3.78114611e-01  6.17059648e-01 -1.00926161e-02
    -1.72695387e-02 -3.22938636e-02  4.99009620e-03 -6.32494735e-03
     9.22717214e-01  8.69661048e-02 -4.24603254e-01 -4.54765633e-02
     3.42966691e-02 -2.54454482e-02 -4.90507437e-03  7.12730037e-03]
   [-2.03831464e-01  1.47086512e-02  2.07361393e-02 -6.86296523e-02
    -2.95099756e-03 -3.22923902e-03 -5.77665167e-04 -5.51250484e-03
     7.82792270e-02 -3.50880018e-03 -3.06850206e-02  2.84506455e-02
     4.35234793e-03  9.14883614e-03 -4.26447839e-02 -1.95522413e-01
    -3.39360237e-02 -1.05016872e-01  3.97527128e-01 -9.78989628e-05
    -7.94642884e-03 -9.15281568e-03  4.57025832e-03 -1.41069014e-02
     2.29834944e-01 -6.49803430e-02 -7.75254965e-02 -7.42651010e-03
     2.17606630e-02  1.87701918e-02 -6.55228719e-02  6.20373804e-03]]]


 [[[ 2.55742610e-01  7.93576427e-03  2.37963945e-02 -1.47994617e-02
    -3.06314859e-03 -7.92501774e-03  2.45640464e-02  1.37117959e-03
     5.34353815e-02 -7.00100809e-02  4.88618296e-03  3.64771858e-02
     5.91276539e-03  6.39449107e-04 -3.20940576e-02  9.38107260e-03
    -1.40497163e-02  2.82659708e-03 -1.61477581e-01 -1.35334150e-03
    -1.76390633e-02 -3.91615275e-03  2.06908700e-03  3.48154753e-02
    -5.60577661e-02 -2.14369502e-02  6.07717335e-01  1.42544108e-02
    -5.68387704e-03 -7.86209758e-03  4.13176827e-02  3.19815311e-03]
   [ 1.95332378e-01  4.87688649e-03  3.66939604e-02  4.03833166e-02
    -3.09726852e-03 -1.51329339e-02 -7.03574810e-03  5.72733581e-03
     4.37508002e-02  3.42105106e-02  6.23395573e-03  7.24803563e-03
     8.92022438e-03  1.78318680e-03 -2.06527598e-02 -4.90819686e-04
     9.24363546e-03 -8.57674889e-03 -2.99378335e-01  1.86840387e-03
    -1.05035380e-02 -2.53281705e-02  1.94453029e-03 -8.03382043e-03
    -5.50113246e-02  6.88041151e-02  8.35068762e-01 -2.47002151e-02
     1.18852155e-02 -9.85713024e-03  1.01852487e-03  5.02380775e-03]
   [ 1.53191179e-01  1.09881870e-02  3.76039185e-02 -1.89455841e-02
    -2.60975724e-03 -6.97912415e-04 -4.81246365e-03 -1.97829562e-03
     3.18046920e-02  4.53395359e-02  1.38551239e-02 -6.25453051e-03
     5.59535064e-03  4.70769498e-03 -6.84662536e-02 -5.99276014e-02
    -3.56330685e-02  1.36664426e-02 -1.60552710e-01 -4.16338397e-03
    -3.43736215e-03 -1.76555067e-02  1.38460821e-03 -5.26722800e-03
    -3.22214514e-02 -4.13277596e-02  2.66355753e-01  1.42953163e-02
     1.28499521e-02  1.51141384e-03 -3.47149484e-02  5.18368278e-03]]

  [[ 5.66247329e-02  1.15306675e-02  4.80939597e-02  3.01485583e-02
    -3.01430188e-03 -8.41783267e-03  4.19299603e-02  3.29465512e-03
    -2.19578594e-02 -7.25226328e-02 -1.33591807e-02  6.74600601e-02
     1.12432390e-02  5.03335660e-03 -2.28251219e-02 -5.41214533e-02
    -9.01023578e-03  6.21137992e-02 -5.39339244e-01  9.26847570e-03
    -1.84229203e-02 -5.61839668e-03  4.23498778e-03  3.44696492e-02
     3.25463302e-02 -2.44250000e-02  6.27540588e-01  5.43160215e-02
     1.52774015e-02 -5.73673323e-02  4.45153005e-02  3.80938826e-03]
   [ 2.87645776e-02  9.03649535e-03  5.23886494e-02  3.13225687e-02
    -3.25875473e-03  4.32367669e-05  8.44633579e-03  4.60048206e-03
    -9.91470739e-03  2.82787345e-02 -3.59684974e-02  2.74405908e-02
     8.37239716e-03  5.12534846e-03 -1.83506366e-02 -6.55030683e-02
     1.51990796e-03  7.82353953e-02 -7.13948846e-01  1.36010451e-02
    -1.01937717e-02 -1.88879613e-02  3.39658139e-03 -9.42883082e-03
     4.59264368e-02  9.31114182e-02  9.03309584e-01 -4.98580374e-02
     1.98783074e-02 -8.58489573e-02 -6.70101668e-04  5.62526193e-03]
   [ 9.98205785e-03  1.31856902e-02  5.57233877e-02 -7.56396353e-02
    -2.23451108e-03 -1.60431617e-03  1.31718814e-02 -1.70902815e-03
     1.91434566e-02  3.67206521e-02 -3.15112025e-02  1.73501857e-02
     3.84994026e-04  7.22911581e-03 -6.02126233e-02 -6.97988942e-02
    -2.99982596e-02  1.36549091e-02 -4.23315018e-01  1.49155045e-02
    -2.32972717e-03 -1.84320025e-02  2.53288494e-03 -1.09526888e-02
     7.57581694e-03 -7.40649924e-02  2.68496662e-01 -5.94604295e-03
     2.45751068e-02 -4.58055101e-02 -4.41363677e-02  5.34880906e-03]]

  [[-1.26891494e-01  6.74429210e-03  2.37173457e-02  5.19550079e-03
    -3.10499314e-03  1.70369744e-02  5.69926947e-02 -3.43721779e-03
    -2.31874622e-02 -9.50543955e-03 -2.23459676e-02  1.06885485e-01
     7.21975975e-03  4.46468359e-03 -1.42537234e-02  1.69865154e-02
    -1.64126623e-02 -2.22346298e-02 -2.99796015e-01  2.31658388e-03
    -1.64420530e-02 -1.96597651e-02  3.83907859e-03  3.37700322e-02
    -2.40238085e-02 -2.08280832e-02  2.51442403e-01  2.57563181e-02
     2.51474362e-02  4.09440021e-04  3.61962989e-02  3.83478426e-03]
   [-1.16374455e-01  5.61523112e-03  1.91085376e-02  3.06350011e-02
    -3.08704586e-03  2.60857921e-02  4.17289101e-02 -6.65089829e-05
    -1.77507624e-02  2.90442780e-02 -4.64130901e-02  5.42446747e-02
     6.91926619e-03  4.70244838e-03  4.20444738e-03 -7.96231031e-02
     3.48551720e-02  1.34182824e-02 -4.52272594e-01  8.37102905e-03
    -1.18832141e-02 -3.20991874e-02  2.67548347e-03 -1.93650872e-02
    -1.39451921e-01  6.78554848e-02  3.69613320e-01 -3.13010700e-02
     2.43435055e-02 -1.22101847e-02 -1.94119811e-02  6.22512633e-03]
   [-1.13560252e-01  1.04753645e-02  3.93485911e-02 -3.50418612e-02
    -2.73047457e-03  6.44310564e-03  5.27613238e-02  5.63862454e-03
    -6.37529558e-03 -1.65937860e-02 -2.98682097e-02  3.79580781e-02
    -1.50045089e-03  6.77849026e-03 -4.58229333e-02 -5.18710986e-02
     6.48238417e-03  2.84423567e-02 -3.17103058e-01 -7.54130632e-03
    -2.83438712e-03 -1.64005961e-02  1.77623041e-03 -1.65704470e-02
    -5.56469299e-02 -4.98243719e-02  4.19151410e-02  7.17699714e-03
     3.27604413e-02  3.19301076e-02 -4.53009717e-02  4.61907545e-03]]]]
========
